A 2 0 25
A 3 0 25
B 2 0 25
B 3 0 25
P1 3 0 25
P1 4 0 25
P2 3 0 25
P2 4 0 25
P3 3 0 25
P3 4 0 25
P4 4 0 25
P4 5 0 25
P5 4 0 25
P5 5 0 25
P6 5 0 25
P6 6 0 25
H1 5 0 25
H1 6 0 25
H2 10 0 25
H2 11 0 25
H3 10 0 25
H3 11 0 25
A 2 25 50
A 3 25 50
B 2 25 50
B 3 25 50
P1 3 25 50
P1 4 25 50
P2 3 25 50
P2 4 25 50
P3 3 25 50
P3 4 25 50
P4 4 25 50
P4 5 25 50
P5 4 25 50
P5 5 25 50
P6 5 25 50
P6 6 25 50
H1 5 25 50
H1 6 25 50
H2 10 25 50
H2 11 25 50
H3 10 25 50
H3 11 25 50
A 2 50 75
A 3 50 75
B 2 50 75
B 3 50 75
P1 3 50 75
P1 4 50 75
P2 3 50 75
P2 4 50 75
P3 3 50 75
P3 4 50 75
P4 4 50 75
P4 5 50 75
P5 4 50 75
P5 5 50 75
P6 5 50 75
P6 6 50 75
H1 5 50 75
H1 6 50 75
H2 10 50 75
H2 11 50 75
H3 10 50 75
H3 11 50 75
A 2 75 100
A 3 75 100
B 2 75 100
B 3 75 100
P1 3 75 100
P1 4 75 100
P2 3 75 100
P2 4 75 100
P3 3 75 100
P3 4 75 100
P4 4 75 100
P4 5 75 100
P5 4 75 100
P5 5 75 100
P6 5 75 100
P6 6 75 100
H1 5 75 100
H1 6 75 100
H2 10 75 100
H2 11 75 100
H3 10 75 100
H3 11 75 100
A 2 100 125
A 3 100 125
B 2 100 125
B 3 100 125
P1 3 100 125
P1 4 100 125
P2 3 100 125
P2 4 100 125
P3 3 100 125
P3 4 100 125
P4 4 100 125
P4 5 100 125
P5 4 100 125
P5 5 100 125
P6 5 100 125
P6 6 100 125
H1 5 100 125
H1 6 100 125
H2 10 100 125
H2 11 100 125
H3 10 100 125
H3 11 100 125
A 2 125 150
A 3 125 150
B 2 125 150
B 3 125 150
P1 3 125 150
P1 4 125 150
P2 3 125 150
P2 4 125 150
P3 3 125 150
P3 4 125 150
P4 4 125 150
P4 5 125 150
P5 4 125 150
P5 5 125 150
P6 5 125 150
P6 6 125 150
H1 5 125 150
H1 6 125 150
H2 10 125 150
H2 11 125 150
H3 10 125 150
H3 11 125 150
A 2 150 175
A 3 150 175
B 2 150 175
B 3 150 175
P1 3 150 175
P1 4 150 175
P2 3 150 175
P2 4 150 175
P3 3 150 175
P3 4 150 175
P4 4 150 175
P4 5 150 175
P5 4 150 175
P5 5 150 175
P6 5 150 175
P6 6 150 175
H1 5 150 175
H1 6 150 175
H2 10 150 175
H2 11 150 175
H3 10 150 175
H3 11 150 175
A 2 175 200
A 3 175 200
B 2 175 200
B 3 175 200
P1 3 175 200
P1 4 175 200
P2 3 175 200
P2 4 175 200
P3 3 175 200
P3 4 175 200
P4 4 175 200
P4 5 175 200
P5 4 175 200
P5 5 175 200
P6 5 175 200
P6 6 175 200
H1 5 175 200
H1 6 175 200
H2 10 175 200
H2 11 175 200
H3 10 175 200
H3 11 175 200
